 1.00000000e+00  7.45576092e+01 
 1.04712855e+00  7.45576032e+01 
 1.09647820e+00  7.45575965e+01 
 1.14815362e+00  7.45575893e+01 
 1.20226443e+00  7.45575813e+01 
 1.25892541e+00  7.45575725e+01 
 1.31825674e+00  7.45575629e+01 
 1.38038426e+00  7.45575524e+01 
 1.44543977e+00  7.45575409e+01 
 1.51356125e+00  7.45575282e+01 
 1.58489319e+00  7.45575143e+01 
 1.65958691e+00  7.45574991e+01 
 1.73780083e+00  7.45574825e+01 
 1.81970086e+00  7.45574642e+01 
 1.90546072e+00  7.45574441e+01 
 1.99526231e+00  7.45574221e+01 
 2.08929613e+00  7.45573980e+01 
 2.18776162e+00  7.45573716e+01 
 2.29086765e+00  7.45573426e+01 
 2.39883292e+00  7.45573108e+01 
 2.51188643e+00  7.45572760e+01 
 2.63026799e+00  7.45572378e+01 
 2.75422870e+00  7.45571959e+01 
 2.88403150e+00  7.45571500e+01 
 3.01995172e+00  7.45570996e+01 
 3.16227766e+00  7.45570444e+01 
 3.31131121e+00  7.45569839e+01 
 3.46736850e+00  7.45569175e+01 
 3.63078055e+00  7.45568447e+01 
 3.80189396e+00  7.45567649e+01 
 3.98107171e+00  7.45566774e+01 
 4.16869383e+00  7.45565814e+01 
 4.36515832e+00  7.45564762e+01 
 4.57088190e+00  7.45563609e+01 
 4.78630092e+00  7.45562344e+01 
 5.01187234e+00  7.45560957e+01 
 5.24807460e+00  7.45559437e+01 
 5.49540874e+00  7.45557770e+01 
 5.75439937e+00  7.45555942e+01 
 6.02559586e+00  7.45553938e+01 
 6.30957344e+00  7.45551741e+01 
 6.60693448e+00  7.45549331e+01 
 6.91830971e+00  7.45546690e+01 
 7.24435960e+00  7.45543794e+01 
 7.58577575e+00  7.45540618e+01 
 7.94328235e+00  7.45537137e+01 
 8.31763771e+00  7.45533320e+01 
 8.70963590e+00  7.45529135e+01 
 9.12010839e+00  7.45524547e+01 
 9.54992586e+00  7.45519517e+01 
 1.00000000e+01  7.45514002e+01 
 1.04712855e+01  7.45507956e+01 
 1.09647820e+01  7.45501327e+01 
 1.14815362e+01  7.45494060e+01 
 1.20226443e+01  7.45486094e+01 
 1.25892541e+01  7.45477360e+01 
 1.31825674e+01  7.45467786e+01 
 1.38038426e+01  7.45457291e+01 
 1.44543977e+01  7.45445786e+01 
 1.51356125e+01  7.45433175e+01 
 1.58489319e+01  7.45419351e+01 
 1.65958691e+01  7.45404198e+01 
 1.73780083e+01  7.45387590e+01 
 1.81970086e+01  7.45369386e+01 
 1.90546072e+01  7.45349435e+01 
 1.99526231e+01  7.45327570e+01 
 2.08929613e+01  7.45303608e+01 
 2.18776162e+01  7.45277349e+01 
 2.29086765e+01  7.45248576e+01 
 2.39883292e+01  7.45217048e+01 
 2.51188643e+01  7.45182504e+01 
 2.63026799e+01  7.45144659e+01 
 2.75422870e+01  7.45103201e+01 
 2.88403150e+01  7.45057789e+01 
 3.01995172e+01  7.45008050e+01 
 3.16227766e+01  7.44953578e+01 
 3.31131121e+01  7.44893928e+01 
 3.46736850e+01  7.44828618e+01 
 3.63078055e+01  7.44757119e+01 
 3.80189396e+01  7.44678858e+01 
 3.98107171e+01  7.44593208e+01 
 4.16869383e+01  7.44499488e+01 
 4.36515832e+01  7.44396958e+01 
 4.57088190e+01  7.44284813e+01 
 4.78630092e+01  7.44162181e+01 
 5.01187234e+01  7.44028115e+01 
 5.24807460e+01  7.43881588e+01 
 5.49540874e+01  7.43721491e+01 
 5.75439937e+01  7.43546624e+01 
 6.02559586e+01  7.43355691e+01 
 6.30957344e+01  7.43147298e+01 
 6.60693448e+01  7.42919943e+01 
 6.91830971e+01  7.42672014e+01 
 7.24435960e+01  7.42401782e+01 
 7.58577575e+01  7.42107398e+01 
 7.94328235e+01  7.41786890e+01 
 8.31763771e+01  7.41438157e+01 
 8.70963590e+01  7.41058971e+01 
 9.12010839e+01  7.40646971e+01 
 9.54992586e+01  7.40199670e+01 
 1.00000000e+02  7.39714452e+01 
 1.04712855e+02  7.39188579e+01 
 1.09647820e+02  7.38619196e+01 
 1.14815362e+02  7.38003342e+01 
 1.20226443e+02  7.37337960e+01 
 1.25892541e+02  7.36619913e+01 
 1.31825674e+02  7.35845999e+01 
 1.38038426e+02  7.35012976e+01 
 1.44543977e+02  7.34117583e+01 
 1.51356125e+02  7.33156567e+01 
 1.58489319e+02  7.32126715e+01 
 1.65958691e+02  7.31024884e+01 
 1.73780083e+02  7.29848037e+01 
 1.81970086e+02  7.28593279e+01 
 1.90546072e+02  7.27257891e+01 
 1.99526231e+02  7.25839370e+01 
 2.08929613e+02  7.24335462e+01 
 2.18776162e+02  7.22744197e+01 
 2.29086765e+02  7.21063915e+01 
 2.39883292e+02  7.19293298e+01 
 2.51188643e+02  7.17431387e+01 
 2.63026799e+02  7.15477601e+01 
 2.75422870e+02  7.13431745e+01 
 2.88403150e+02  7.11294010e+01 
 3.01995172e+02  7.09064980e+01 
 3.16227766e+02  7.06745610e+01 
 3.31131121e+02  7.04337219e+01 
 3.46736850e+02  7.01841462e+01 
 3.63078055e+02  6.99260309e+01 
 3.80189396e+02  6.96596015e+01 
 3.98107171e+02  6.93851081e+01 
 4.16869383e+02  6.91028225e+01 
 4.36515832e+02  6.88130341e+01 
 4.57088190e+02  6.85160467e+01 
 4.78630092e+02  6.82121744e+01 
 5.01187234e+02  6.79017385e+01 
 5.24807460e+02  6.75850644e+01 
 5.49540874e+02  6.72624781e+01 
 5.75439937e+02  6.69343038e+01 
 6.02559586e+02  6.66008618e+01 
 6.30957344e+02  6.62624659e+01 
 6.60693448e+02  6.59194216e+01 
 6.91830971e+02  6.55720253e+01 
 7.24435960e+02  6.52205623e+01 
 7.58577575e+02  6.48653066e+01 
 7.94328235e+02  6.45065198e+01 
 8.31763771e+02  6.41444507e+01 
 8.70963590e+02  6.37793354e+01 
 9.12010839e+02  6.34113967e+01 
 9.54992586e+02  6.30408449e+01 
 1.00000000e+03  6.26678771e+01 
 1.04712855e+03  6.22926783e+01 
 1.09647820e+03  6.19154215e+01 
 1.14815362e+03  6.15362678e+01 
 1.20226443e+03  6.11553676e+01 
 1.25892541e+03  6.07728603e+01 
 1.31825674e+03  6.03888755e+01 
 1.38038426e+03  6.00035333e+01 
 1.44543977e+03  5.96169445e+01 
 1.51356125e+03  5.92292120e+01 
 1.58489319e+03  5.88404303e+01 
 1.65958691e+03  5.84506869e+01 
 1.73780083e+03  5.80600621e+01 
 1.81970086e+03  5.76686302e+01 
 1.90546072e+03  5.72764591e+01 
 1.99526231e+03  5.68836114e+01 
 2.08929613e+03  5.64901448e+01 
 2.18776162e+03  5.60961118e+01 
 2.29086765e+03  5.57015610e+01 
 2.39883292e+03  5.53065366e+01 
 2.51188643e+03  5.49110795e+01 
 2.63026799e+03  5.45152267e+01 
 2.75422870e+03  5.41190125e+01 
 2.88403150e+03  5.37224681e+01 
 3.01995172e+03  5.33256220e+01 
 3.16227766e+03  5.29285004e+01 
 3.31131121e+03  5.25311272e+01 
 3.46736850e+03  5.21335243e+01 
 3.63078055e+03  5.17357116e+01 
 3.80189396e+03  5.13377074e+01 
 3.98107171e+03  5.09395284e+01 
 4.16869383e+03  5.05411898e+01 
 4.36515832e+03  5.01427056e+01 
 4.57088190e+03  4.97440885e+01 
 4.78630092e+03  4.93453501e+01 
 5.01187234e+03  4.89465010e+01 
 5.24807460e+03  4.85475509e+01 
 5.49540874e+03  4.81485086e+01 
 5.75439937e+03  4.77493823e+01 
 6.02559586e+03  4.73501792e+01 
 6.30957344e+03  4.69509062e+01 
 6.60693448e+03  4.65515693e+01 
 6.91830971e+03  4.61521741e+01 
 7.24435960e+03  4.57527258e+01 
 7.58577575e+03  4.53532290e+01 
 7.94328235e+03  4.49536880e+01 
 8.31763771e+03  4.45541066e+01 
 8.70963590e+03  4.41544884e+01 
 9.12010839e+03  4.37548367e+01 
 9.54992586e+03  4.33551544e+01 
 1.00000000e+04  4.29554441e+01 
 1.04712855e+04  4.25557083e+01 
 1.09647820e+04  4.21559493e+01 
 1.14815362e+04  4.17561692e+01 
 1.20226443e+04  4.13563696e+01 
 1.25892541e+04  4.09565525e+01 
 1.31825674e+04  4.05567193e+01 
 1.38038426e+04  4.01568714e+01 
 1.44543977e+04  3.97570101e+01 
 1.51356125e+04  3.93571366e+01 
 1.58489319e+04  3.89572520e+01 
 1.65958691e+04  3.85573573e+01 
 1.73780083e+04  3.81574532e+01 
 1.81970086e+04  3.77575408e+01 
 1.90546072e+04  3.73576206e+01 
 1.99526231e+04  3.69576934e+01 
 2.08929613e+04  3.65577599e+01 
 2.18776162e+04  3.61578204e+01 
 2.29086765e+04  3.57578757e+01 
 2.39883292e+04  3.53579261e+01 
 2.51188643e+04  3.49579720e+01 
 2.63026799e+04  3.45580140e+01 
 2.75422870e+04  3.41580522e+01 
 2.88403150e+04  3.37580871e+01 
 3.01995172e+04  3.33581189e+01 
 3.16227766e+04  3.29581479e+01 
 3.31131121e+04  3.25581743e+01 
 3.46736850e+04  3.21581985e+01 
 3.63078055e+04  3.17582205e+01 
 3.80189396e+04  3.13582406e+01 
 3.98107171e+04  3.09582589e+01 
 4.16869383e+04  3.05582756e+01 
 4.36515832e+04  3.01582909e+01 
 4.57088190e+04  2.97583048e+01 
 4.78630092e+04  2.93583175e+01 
 5.01187234e+04  2.89583291e+01 
 5.24807460e+04  2.85583397e+01 
 5.49540874e+04  2.81583493e+01 
 5.75439937e+04  2.77583582e+01 
 6.02559586e+04  2.73583662e+01 
 6.30957344e+04  2.69583736e+01 
 6.60693448e+04  2.65583803e+01 
 6.91830971e+04  2.61583865e+01 
 7.24435960e+04  2.57583921e+01 
 7.58577575e+04  2.53583973e+01 
 7.94328235e+04  2.49584020e+01 
 8.31763771e+04  2.45584063e+01 
 8.70963590e+04  2.41584103e+01 
 9.12010839e+04  2.37584140e+01 
 9.54992586e+04  2.33584173e+01 
 1.00000000e+05  2.29584204e+01 
 1.04712855e+05  2.25584233e+01 
 1.09647820e+05  2.21584260e+01 
 1.14815362e+05  2.17584284e+01 
 1.20226443e+05  2.13584307e+01 
 1.25892541e+05  2.09584329e+01 
 1.31825674e+05  2.05584349e+01 
 1.38038426e+05  2.01584368e+01 
 1.44543977e+05  1.97584386e+01 
 1.51356125e+05  1.93584404e+01 
 1.58489319e+05  1.89584421e+01 
 1.65958691e+05  1.85584437e+01 
 1.73780083e+05  1.81584453e+01 
 1.81970086e+05  1.77584468e+01 
 1.90546072e+05  1.73584484e+01 
 1.99526231e+05  1.69584499e+01 
 2.08929613e+05  1.65584515e+01 
 2.18776162e+05  1.61584531e+01 
 2.29086765e+05  1.57584547e+01 
 2.39883292e+05  1.53584564e+01 
 2.51188643e+05  1.49584581e+01 
 2.63026799e+05  1.45584600e+01 
 2.75422870e+05  1.41584619e+01 
 2.88403150e+05  1.37584640e+01 
 3.01995172e+05  1.33584662e+01 
 3.16227766e+05  1.29584685e+01 
 3.31131121e+05  1.25584710e+01 
 3.46736850e+05  1.21584738e+01 
 3.63078055e+05  1.17584767e+01 
 3.80189396e+05  1.13584799e+01 
 3.98107171e+05  1.09584833e+01 
 4.16869383e+05  1.05584870e+01 
 4.36515832e+05  1.01584911e+01 
 4.57088190e+05  9.75849556e+00 
 4.78630092e+05  9.35850040e+00 
 5.01187234e+05  8.95850568e+00 
 5.24807460e+05  8.55851145e+00 
 5.49540874e+05  8.15851776e+00 
 5.75439937e+05  7.75852466e+00 
 6.02559586e+05  7.35853221e+00 
 6.30957344e+05  6.95854048e+00 
 6.60693448e+05  6.55854952e+00 
 6.91830971e+05  6.15855943e+00 
 7.24435960e+05  5.75857028e+00 
 7.58577575e+05  5.35858217e+00 
 7.94328235e+05  4.95859520e+00 
 8.31763771e+05  4.55860947e+00 
 8.70963590e+05  4.15862512e+00 
 9.12010839e+05  3.75864226e+00 
 9.54992586e+05  3.35866106e+00 
 1.00000000e+06  2.95868166e+00 
 1.04712855e+06  2.55870424e+00 
 1.09647820e+06  2.15872900e+00 
 1.14815362e+06  1.75875614e+00 
 1.20226443e+06  1.35878590e+00 
 1.25892541e+06  9.58818518e-01 
 1.31825674e+06  5.58854282e-01 
 1.38038426e+06  1.58893494e-01 
 1.44543977e+06 -2.41063516e-01 
 1.51356125e+06 -6.41016381e-01 
 1.58489319e+06 -1.04096470e+00 
 1.65958691e+06 -1.44090804e+00 
 1.73780083e+06 -1.84084592e+00 
 1.81970086e+06 -2.24077780e+00 
 1.90546072e+06 -2.64070312e+00 
 1.99526231e+06 -3.04062124e+00 
 2.08929613e+06 -3.44053147e+00 
 2.18776162e+06 -3.84043303e+00 
 2.29086765e+06 -4.24032511e+00 
 2.39883292e+06 -4.64020679e+00 
 2.51188643e+06 -5.04007705e+00 
 2.63026799e+06 -5.43993481e+00 
 2.75422870e+06 -5.83977886e+00 
 2.88403150e+06 -6.23960788e+00 
 3.01995172e+06 -6.63942041e+00 
 3.16227766e+06 -7.03921488e+00 
 3.31131121e+06 -7.43898955e+00 
 3.46736850e+06 -7.83874250e+00 
 3.63078055e+06 -8.23847166e+00 
 3.80189396e+06 -8.63817472e+00 
 3.98107171e+06 -9.03784918e+00 
 4.16869383e+06 -9.43749230e+00 
 4.36515832e+06 -9.83710105e+00 
 4.57088190e+06 -1.02366721e+01 
 4.78630092e+06 -1.06362020e+01 
 5.01187234e+06 -1.10356865e+01 
 5.24807460e+06 -1.14351215e+01 
 5.49540874e+06 -1.18345022e+01 
 5.75439937e+06 -1.22338233e+01 
 6.02559586e+06 -1.26330791e+01 
 6.30957344e+06 -1.30322635e+01 
 6.60693448e+06 -1.34313696e+01 
 6.91830971e+06 -1.38303898e+01 
 7.24435960e+06 -1.42293161e+01 
 7.58577575e+06 -1.46281393e+01 
 7.94328235e+06 -1.50268499e+01 
 8.31763771e+06 -1.54254369e+01 
 8.70963590e+06 -1.58238887e+01 
 9.12010839e+06 -1.62221924e+01 
 9.54992586e+06 -1.66203341e+01 
 1.00000000e+07 -1.70182984e+01 
 1.04712855e+07 -1.74160685e+01 
 1.09647820e+07 -1.78136263e+01 
 1.14815362e+07 -1.82109517e+01 
 1.20226443e+07 -1.86080231e+01 
 1.25892541e+07 -1.90048166e+01 
 1.31825674e+07 -1.94013064e+01 
 1.38038426e+07 -1.97974643e+01 
 1.44543977e+07 -2.01932597e+01 
 1.51356125e+07 -2.05886592e+01 
 1.58489319e+07 -2.09836265e+01 
 1.65958691e+07 -2.13781223e+01 
 1.73780083e+07 -2.17721038e+01 
 1.81970086e+07 -2.21655247e+01 
 1.90546072e+07 -2.25583348e+01 
 1.99526231e+07 -2.29504799e+01 
 2.08929613e+07 -2.33419014e+01 
 2.18776162e+07 -2.37325361e+01 
 2.29086765e+07 -2.41223162e+01 
 2.39883292e+07 -2.45111684e+01 
 2.51188643e+07 -2.48990145e+01 
 2.63026799e+07 -2.52857705e+01 
 2.75422870e+07 -2.56713471e+01 
 2.88403150e+07 -2.60556489e+01 
 3.01995172e+07 -2.64385748e+01 
 3.16227766e+07 -2.68200179e+01 
 3.31131121e+07 -2.71998654e+01 
 3.46736850e+07 -2.75779990e+01 
 3.63078055e+07 -2.79542951e+01 
 3.80189396e+07 -2.83286253e+01 
 3.98107171e+07 -2.87008568e+01 
 4.16869383e+07 -2.90708533e+01 
 4.36515832e+07 -2.94384761e+01 
 4.57088190e+07 -2.98035850e+01 
 4.78630092e+07 -3.01660398e+01 
 5.01187234e+07 -3.05257020e+01 
 5.24807460e+07 -3.08824365e+01 
 5.49540874e+07 -3.12361141e+01 
 5.75439937e+07 -3.15866136e+01 
 6.02559586e+07 -3.19338245e+01 
 6.30957344e+07 -3.22776495e+01 
 6.60693448e+07 -3.26180081e+01 
 6.91830971e+07 -3.29548389e+01 
 7.24435960e+07 -3.32881031e+01 
 7.58577575e+07 -3.36177874e+01 
 7.94328235e+07 -3.39439067e+01 
 8.31763771e+07 -3.42665065e+01 
 8.70963590e+07 -3.45856654e+01 
 9.12010839e+07 -3.49014963e+01 
 9.54992586e+07 -3.52141477e+01 
 1.00000000e+08 -3.55238040e+01 
 1.04712855e+08 -3.58306846e+01 
 1.09647820e+08 -3.61350430e+01 
 1.14815362e+08 -3.64371642e+01 
 1.20226443e+08 -3.67373619e+01 
 1.25892541e+08 -3.70359742e+01 
 1.31825674e+08 -3.73333590e+01 
 1.38038426e+08 -3.76298888e+01 
 1.44543977e+08 -3.79259445e+01 
 1.51356125e+08 -3.82219096e+01 
 1.58489319e+08 -3.85181633e+01 
 1.65958691e+08 -3.88150750e+01 
 1.73780083e+08 -3.91129971e+01 
 1.81970086e+08 -3.94122604e+01 
 1.90546072e+08 -3.97131681e+01 
 1.99526231e+08 -4.00159919e+01 
 2.08929613e+08 -4.03209678e+01 
 2.18776162e+08 -4.06282937e+01 
 2.29086765e+08 -4.09381269e+01 
 2.39883292e+08 -4.12505834e+01 
 2.51188643e+08 -4.15657370e+01 
 2.63026799e+08 -4.18836202e+01 
 2.75422870e+08 -4.22042245e+01 
 2.88403150e+08 -4.25275026e+01 
 3.01995172e+08 -4.28533697e+01 
 3.16227766e+08 -4.31817063e+01 
 3.31131121e+08 -4.35123604e+01 
 3.46736850e+08 -4.38451501e+01 
 3.63078055e+08 -4.41798662e+01 
 3.80189396e+08 -4.45162748e+01 
 3.98107171e+08 -4.48541198e+01 
 4.16869383e+08 -4.51931250e+01 
 4.36515832e+08 -4.55329966e+01 
 4.57088190e+08 -4.58734247e+01 
 4.78630092e+08 -4.62140852e+01 
 5.01187234e+08 -4.65546415e+01 
 5.24807460e+08 -4.68947454e+01 
 5.49540874e+08 -4.72340387e+01 
 5.75439937e+08 -4.75721542e+01 
 6.02559586e+08 -4.79087164e+01 
 6.30957344e+08 -4.82433428e+01 
 6.60693448e+08 -4.85756446e+01 
 6.91830971e+08 -4.89052277e+01 
 7.24435960e+08 -4.92316938e+01 
 7.58577575e+08 -4.95546416e+01 
 7.94328235e+08 -4.98736684e+01 
 8.31763771e+08 -5.01883711e+01 
 8.70963590e+08 -5.04983488e+01 
 9.12010839e+08 -5.08032042e+01 
 9.54992586e+08 -5.11025462e+01 
 1.00000000e+09 -5.13959925e+01 
