 1.00000000e+00  3.51121657e+00 
 1.04712855e+00  3.51121051e+00 
 1.09647820e+00  3.51120388e+00 
 1.14815362e+00  3.51119660e+00 
 1.20226443e+00  3.51118862e+00 
 1.25892541e+00  3.51117988e+00 
 1.31825674e+00  3.51117029e+00 
 1.38038426e+00  3.51115977e+00 
 1.44543977e+00  3.51114824e+00 
 1.51356125e+00  3.51113559e+00 
 1.58489319e+00  3.51112173e+00 
 1.65958691e+00  3.51110653e+00 
 1.73780083e+00  3.51108986e+00 
 1.81970086e+00  3.51107158e+00 
 1.90546072e+00  3.51105154e+00 
 1.99526231e+00  3.51102957e+00 
 2.08929613e+00  3.51100548e+00 
 2.18776162e+00  3.51097894e+00 
 2.29086765e+00  3.51094997e+00 
 2.39883292e+00  3.51091821e+00 
 2.51188643e+00  3.51088339e+00 
 2.63026799e+00  3.51084514e+00 
 2.75422870e+00  3.51080328e+00 
 2.88403150e+00  3.51075738e+00 
 3.01995172e+00  3.51070698e+00 
 3.16227766e+00  3.51065179e+00 
 3.31131121e+00  3.51059122e+00 
 3.46736850e+00  3.51052487e+00 
 3.63078055e+00  3.51045212e+00 
 3.80189396e+00  3.51037229e+00 
 3.98107171e+00  3.51028483e+00 
 4.16869383e+00  3.51018881e+00 
 4.36515832e+00  3.51008360e+00 
 4.57088190e+00  3.50996832e+00 
 4.78630092e+00  3.50984179e+00 
 5.01187234e+00  3.50970319e+00 
 5.24807460e+00  3.50955104e+00 
 5.49540874e+00  3.50938436e+00 
 5.75439937e+00  3.50920161e+00 
 6.02559586e+00  3.50900118e+00 
 6.30957344e+00  3.50878144e+00 
 6.60693448e+00  3.50854052e+00 
 6.91830971e+00  3.50827632e+00 
 7.24435960e+00  3.50798680e+00 
 7.58577575e+00  3.50766919e+00 
 7.94328235e+00  3.50732104e+00 
 8.31763771e+00  3.50693936e+00 
 8.70963590e+00  3.50652084e+00 
 9.12010839e+00  3.50606209e+00 
 9.54992586e+00  3.50555902e+00 
 1.00000000e+01  3.50500764e+00 
 1.04712855e+01  3.50440297e+00 
 1.09647820e+01  3.50374016e+00 
 1.14815362e+01  3.50301343e+00 
 1.20226443e+01  3.50221676e+00 
 1.25892541e+01  3.50134338e+00 
 1.31825674e+01  3.50038605e+00 
 1.38038426e+01  3.49933646e+00 
 1.44543977e+01  3.49818595e+00 
 1.51356125e+01  3.49692486e+00 
 1.58489319e+01  3.49554246e+00 
 1.65958691e+01  3.49402720e+00 
 1.73780083e+01  3.49236643e+00 
 1.81970086e+01  3.49054600e+00 
 1.90546072e+01  3.48855091e+00 
 1.99526231e+01  3.48636437e+00 
 2.08929613e+01  3.48396820e+00 
 2.18776162e+01  3.48134236e+00 
 2.29086765e+01  3.47846495e+00 
 2.39883292e+01  3.47531221e+00 
 2.51188643e+01  3.47185778e+00 
 2.63026799e+01  3.46807335e+00 
 2.75422870e+01  3.46392753e+00 
 2.88403150e+01  3.45938631e+00 
 3.01995172e+01  3.45441245e+00 
 3.16227766e+01  3.44896515e+00 
 3.31131121e+01  3.44300018e+00 
 3.46736850e+01  3.43646918e+00 
 3.63078055e+01  3.42931939e+00 
 3.80189396e+01  3.42149323e+00 
 3.98107171e+01  3.41292811e+00 
 4.16869383e+01  3.40355616e+00 
 4.36515832e+01  3.39330313e+00 
 4.57088190e+01  3.38208871e+00 
 4.78630092e+01  3.36982550e+00 
 5.01187234e+01  3.35641887e+00 
 5.24807460e+01  3.34176628e+00 
 5.49540874e+01  3.32575650e+00 
 5.75439937e+01  3.30826973e+00 
 6.02559586e+01  3.28917646e+00 
 6.30957344e+01  3.26833717e+00 
 6.60693448e+01  3.24560175e+00 
 6.91830971e+01  3.22080882e+00 
 7.24435960e+01  3.19378554e+00 
 7.58577575e+01  3.16434720e+00 
 7.94328235e+01  3.13229642e+00 
 8.31763771e+01  3.09742310e+00 
 8.70963590e+01  3.05950442e+00 
 9.12010839e+01  3.01830447e+00 
 9.54992586e+01  2.97357441e+00 
 1.00000000e+02  2.92505255e+00 
 1.04712855e+02  2.87246518e+00 
 1.09647820e+02  2.81552691e+00 
 1.14815362e+02  2.75394150e+00 
 1.20226443e+02  2.68740335e+00 
 1.25892541e+02  2.61559857e+00 
 1.31825674e+02  2.53820721e+00 
 1.38038426e+02  2.45490498e+00 
 1.44543977e+02  2.36536567e+00 
 1.51356125e+02  2.26926404e+00 
 1.58489319e+02  2.16627882e+00 
 1.65958691e+02  2.05609571e+00 
 1.73780083e+02  1.93841106e+00 
 1.81970086e+02  1.81293516e+00 
 1.90546072e+02  1.67939642e+00 
 1.99526231e+02  1.53754434e+00 
 2.08929613e+02  1.38715357e+00 
 2.18776162e+02  1.22802702e+00 
 2.29086765e+02  1.05999885e+00 
 2.39883292e+02  8.82937159e-01 
 2.51188643e+02  6.96746013e-01 
 2.63026799e+02  5.01367442e-01 
 2.75422870e+02  2.96781777e-01 
 2.88403150e+02  8.30084014e-02 
 3.01995172e+02 -1.39894618e-01 
 3.16227766e+02 -3.71831612e-01 
 3.31131121e+02 -6.12670820e-01 
 3.46736850e+02 -8.62246507e-01 
 3.63078055e+02 -1.12036172e+00 
 3.80189396e+02 -1.38679112e+00 
 3.98107171e+02 -1.66128451e+00 
 4.16869383e+02 -1.94357013e+00 
 4.36515832e+02 -2.23335846e+00 
 4.57088190e+02 -2.53034591e+00 
 4.78630092e+02 -2.83421822e+00 
 5.01187234e+02 -3.14465404e+00 
 5.24807460e+02 -3.46132818e+00 
 5.49540874e+02 -3.78391449e+00 
 5.75439937e+02 -4.11208868e+00 
 6.02559586e+02 -4.44553064e+00 
 6.30957344e+02 -4.78392662e+00 
 6.60693448e+02 -5.12697084e+00 
 6.91830971e+02 -5.47436714e+00 
 7.24435960e+02 -5.82583006e+00 
 7.58577575e+02 -6.18108572e+00 
 7.94328235e+02 -6.53987251e+00 
 8.31763771e+02 -6.90194155e+00 
 8.70963590e+02 -7.26705685e+00 
 9.12010839e+02 -7.63499544e+00 
 9.54992586e+02 -8.00554727e+00 
 1.00000000e+03 -8.37851499e+00 
 1.04712855e+03 -8.75371368e+00 
 1.09647820e+03 -9.13097044e+00 
 1.14815362e+03 -9.51012400e+00 
 1.20226443e+03 -9.89102416e+00 
 1.25892541e+03 -1.02735313e+01 
 1.31825674e+03 -1.06575160e+01 
 1.38038426e+03 -1.10428582e+01 
 1.44543977e+03 -1.14294468e+01 
 1.51356125e+03 -1.18171792e+01 
 1.58489319e+03 -1.22059607e+01 
 1.65958691e+03 -1.25957040e+01 
 1.73780083e+03 -1.29863285e+01 
 1.81970086e+03 -1.33777603e+01 
 1.90546072e+03 -1.37699311e+01 
 1.99526231e+03 -1.41627785e+01 
 2.08929613e+03 -1.45562449e+01 
 2.18776162e+03 -1.49502776e+01 
 2.29086765e+03 -1.53448281e+01 
 2.39883292e+03 -1.57398521e+01 
 2.51188643e+03 -1.61353088e+01 
 2.63026799e+03 -1.65311611e+01 
 2.75422870e+03 -1.69273749e+01 
 2.88403150e+03 -1.73239188e+01 
 3.01995172e+03 -1.77207643e+01 
 3.16227766e+03 -1.81178853e+01 
 3.31131121e+03 -1.85152578e+01 
 3.46736850e+03 -1.89128600e+01 
 3.63078055e+03 -1.93106718e+01 
 3.80189396e+03 -1.97086751e+01 
 3.98107171e+03 -2.01068531e+01 
 4.16869383e+03 -2.05051906e+01 
 4.36515832e+03 -2.09036736e+01 
 4.57088190e+03 -2.13022894e+01 
 4.78630092e+03 -2.17010264e+01 
 5.01187234e+03 -2.20998740e+01 
 5.24807460e+03 -2.24988223e+01 
 5.49540874e+03 -2.28978627e+01 
 5.75439937e+03 -2.32969870e+01 
 6.02559586e+03 -2.36961878e+01 
 6.30957344e+03 -2.40954583e+01 
 6.60693448e+03 -2.44947925e+01 
 6.91830971e+03 -2.48941847e+01 
 7.24435960e+03 -2.52936297e+01 
 7.58577575e+03 -2.56931229e+01 
 7.94328235e+03 -2.60926600e+01 
 8.31763771e+03 -2.64922371e+01 
 8.70963590e+03 -2.68918505e+01 
 9.12010839e+03 -2.72914970e+01 
 9.54992586e+03 -2.76911737e+01 
 1.00000000e+04 -2.80908777e+01 
 1.04712855e+04 -2.84906066e+01 
 1.09647820e+04 -2.88903581e+01 
 1.14815362e+04 -2.92901300e+01 
 1.20226443e+04 -2.96899205e+01 
 1.25892541e+04 -3.00897278e+01 
 1.31825674e+04 -3.04895501e+01 
 1.38038426e+04 -3.08893861e+01 
 1.44543977e+04 -3.12892344e+01 
 1.51356125e+04 -3.16890935e+01 
 1.58489319e+04 -3.20889624e+01 
 1.65958691e+04 -3.24888400e+01 
 1.73780083e+04 -3.28887251e+01 
 1.81970086e+04 -3.32886169e+01 
 1.90546072e+04 -3.36885144e+01 
 1.99526231e+04 -3.40884167e+01 
 2.08929613e+04 -3.44883230e+01 
 2.18776162e+04 -3.48882325e+01 
 2.29086765e+04 -3.52881445e+01 
 2.39883292e+04 -3.56880582e+01 
 2.51188643e+04 -3.60879728e+01 
 2.63026799e+04 -3.64878877e+01 
 2.75422870e+04 -3.68878021e+01 
 2.88403150e+04 -3.72877152e+01 
 3.01995172e+04 -3.76876265e+01 
 3.16227766e+04 -3.80875350e+01 
 3.31131121e+04 -3.84874401e+01 
 3.46736850e+04 -3.88873408e+01 
 3.63078055e+04 -3.92872365e+01 
 3.80189396e+04 -3.96871261e+01 
 3.98107171e+04 -4.00870088e+01 
 4.16869383e+04 -4.04868836e+01 
 4.36515832e+04 -4.08867493e+01 
 4.57088190e+04 -4.12866049e+01 
 4.78630092e+04 -4.16864492e+01 
 5.01187234e+04 -4.20862807e+01 
 5.24807460e+04 -4.24860982e+01 
 5.49540874e+04 -4.28858999e+01 
 5.75439937e+04 -4.32856844e+01 
 6.02559586e+04 -4.36854496e+01 
 6.30957344e+04 -4.40851937e+01 
 6.60693448e+04 -4.44849145e+01 
 6.91830971e+04 -4.48846096e+01 
 7.24435960e+04 -4.52842764e+01 
 7.58577575e+04 -4.56839121e+01 
 7.94328235e+04 -4.60835136e+01 
 8.31763771e+04 -4.64830775e+01 
 8.70963590e+04 -4.68826002e+01 
 9.12010839e+04 -4.72820776e+01 
 9.54992586e+04 -4.76815053e+01 
 1.00000000e+05 -4.80808785e+01 
 1.04712855e+05 -4.84801919e+01 
 1.09647820e+05 -4.88794396e+01 
 1.14815362e+05 -4.92786153e+01 
 1.20226443e+05 -4.96777121e+01 
 1.25892541e+05 -5.00767223e+01 
 1.31825674e+05 -5.04756376e+01 
 1.38038426e+05 -5.08744489e+01 
 1.44543977e+05 -5.12731462e+01 
 1.51356125e+05 -5.16717185e+01 
 1.58489319e+05 -5.20701538e+01 
 1.65958691e+05 -5.24684390e+01 
 1.73780083e+05 -5.28665598e+01 
 1.81970086e+05 -5.32645003e+01 
 1.90546072e+05 -5.36622435e+01 
 1.99526231e+05 -5.40597703e+01 
 2.08929613e+05 -5.44570603e+01 
 2.18776162e+05 -5.48540910e+01 
 2.29086765e+05 -5.52508376e+01 
 2.39883292e+05 -5.56472732e+01 
 2.51188643e+05 -5.60433683e+01 
 2.63026799e+05 -5.64390909e+01 
 2.75422870e+05 -5.68344056e+01 
 2.88403150e+05 -5.72292742e+01 
 3.01995172e+05 -5.76236547e+01 
 3.16227766e+05 -5.80175015e+01 
 3.31131121e+05 -5.84107646e+01 
 3.46736850e+05 -5.88033897e+01 
 3.63078055e+05 -5.91953178e+01 
 3.80189396e+05 -5.95864843e+01 
 3.98107171e+05 -5.99768192e+01 
 4.16869383e+05 -6.03662462e+01 
 4.36515832e+05 -6.07546826e+01 
 4.57088190e+05 -6.11420385e+01 
 4.78630092e+05 -6.15282168e+01 
 5.01187234e+05 -6.19131118e+01 
 5.24807460e+05 -6.22966095e+01 
 5.49540874e+05 -6.26785867e+01 
 5.75439937e+05 -6.30589106e+01 
 6.02559586e+05 -6.34374377e+01 
 6.30957344e+05 -6.38140145e+01 
 6.60693448e+05 -6.41884754e+01 
 6.91830971e+05 -6.45606434e+01 
 7.24435960e+05 -6.49303294e+01 
 7.58577575e+05 -6.52973316e+01 
 7.94328235e+05 -6.56614353e+01 
 8.31763771e+05 -6.60224129e+01 
 8.70963590e+05 -6.63800240e+01 
 9.12010839e+05 -6.67340148e+01 
 9.54992586e+05 -6.70841192e+01 
 1.00000000e+06 -6.74300590e+01 
 1.04712855e+06 -6.77715445e+01 
 1.09647820e+06 -6.81082755e+01 
 1.14815362e+06 -6.84399428e+01 
 1.20226443e+06 -6.87662295e+01 
 1.25892541e+06 -6.90868129e+01 
 1.31825674e+06 -6.94013669e+01 
 1.38038426e+06 -6.97095644e+01 
 1.44543977e+06 -7.00110796e+01 
 1.51356125e+06 -7.03055922e+01 
 1.58489319e+06 -7.05927892e+01 
 1.65958691e+06 -7.08723699e+01 
 1.73780083e+06 -7.11440481e+01 
 1.81970086e+06 -7.14075571e+01 
 1.90546072e+06 -7.16626522e+01 
 1.99526231e+06 -7.19091145e+01 
 2.08929613e+06 -7.21467547e+01 
 2.18776162e+06 -7.23754149e+01 
 2.29086765e+06 -7.25949719e+01 
 2.39883292e+06 -7.28053389e+01 
 2.51188643e+06 -7.30064666e+01 
 2.63026799e+06 -7.31983445e+01 
 2.75422870e+06 -7.33810004e+01 
 2.88403150e+06 -7.35544999e+01 
 3.01995172e+06 -7.37189458e+01 
 3.16227766e+06 -7.38744756e+01 
 3.31131121e+06 -7.40212592e+01 
 3.46736850e+06 -7.41594965e+01 
 3.63078055e+06 -7.42894139e+01 
 3.80189396e+06 -7.44112610e+01 
 3.98107171e+06 -7.45253066e+01 
 4.16869383e+06 -7.46318355e+01 
 4.36515832e+06 -7.47311443e+01 
 4.57088190e+06 -7.48235384e+01 
 4.78630092e+06 -7.49093274e+01 
 5.01187234e+06 -7.49888233e+01 
 5.24807460e+06 -7.50623361e+01 
 5.49540874e+06 -7.51301721e+01 
 5.75439937e+06 -7.51926309e+01 
 6.02559586e+06 -7.52500033e+01 
 6.30957344e+06 -7.53025698e+01 
 6.60693448e+06 -7.53505987e+01 
 6.91830971e+06 -7.53943450e+01 
 7.24435960e+06 -7.54340494e+01 
 7.58577575e+06 -7.54699372e+01 
 7.94328235e+06 -7.55022182e+01 
 8.31763771e+06 -7.55310859e+01 
 8.70963590e+06 -7.55567170e+01 
 9.12010839e+06 -7.55792718e+01 
 9.54992586e+06 -7.55988935e+01 
 1.00000000e+07 -7.56157087e+01 
 1.04712855e+07 -7.56298269e+01 
 1.09647820e+07 -7.56413407e+01 
 1.14815362e+07 -7.56503263e+01 
 1.20226443e+07 -7.56568426e+01 
 1.25892541e+07 -7.56609321e+01 
 1.31825674e+07 -7.56626206e+01 
 1.38038426e+07 -7.56619167e+01 
 1.44543977e+07 -7.56588126e+01 
 1.51356125e+07 -7.56532833e+01 
 1.58489319e+07 -7.56452867e+01 
 1.65958691e+07 -7.56347632e+01 
 1.73780083e+07 -7.56216357e+01 
 1.81970086e+07 -7.56058093e+01 
 1.90546072e+07 -7.55871706e+01 
 1.99526231e+07 -7.55655879e+01 
 2.08929613e+07 -7.55409105e+01 
 2.18776162e+07 -7.55129681e+01 
 2.29086765e+07 -7.54815714e+01 
 2.39883292e+07 -7.54465105e+01 
 2.51188643e+07 -7.54075559e+01 
 2.63026799e+07 -7.53644574e+01 
 2.75422870e+07 -7.53169448e+01 
 2.88403150e+07 -7.52647275e+01 
 3.01995172e+07 -7.52074951e+01 
 3.16227766e+07 -7.51449180e+01 
 3.31131121e+07 -7.50766479e+01 
 3.46736850e+07 -7.50023193e+01 
 3.63078055e+07 -7.49215509e+01 
 3.80189396e+07 -7.48339474e+01 
 3.98107171e+07 -7.47391021e+01 
 4.16869383e+07 -7.46365995e+01 
 4.36515832e+07 -7.45260189e+01 
 4.57088190e+07 -7.44069383e+01 
 4.78630092e+07 -7.42789384e+01 
 5.01187234e+07 -7.41416085e+01 
 5.24807460e+07 -7.39945510e+01 
 5.49540874e+07 -7.38373882e+01 
 5.75439937e+07 -7.36697682e+01 
 6.02559586e+07 -7.34913715e+01 
 6.30957344e+07 -7.33019183e+01 
 6.60693448e+07 -7.31011752e+01 
 6.91830971e+07 -7.28889618e+01 
 7.24435960e+07 -7.26651577e+01 
 7.58577575e+07 -7.24297081e+01 
 7.94328235e+07 -7.21826297e+01 
 8.31763771e+07 -7.19240153e+01 
 8.70963590e+07 -7.16540370e+01 
 9.12010839e+07 -7.13729496e+01 
 9.54992586e+07 -7.10810909e+01 
 1.00000000e+08 -7.07788823e+01 
 1.04712855e+08 -7.04668269e+01 
 1.09647820e+08 -7.01455071e+01 
 1.14815362e+08 -6.98155798e+01 
 1.20226443e+08 -6.94777709e+01 
 1.25892541e+08 -6.91328688e+01 
 1.31825674e+08 -6.87817166e+01 
 1.38038426e+08 -6.84252032e+01 
 1.44543977e+08 -6.80642543e+01 
 1.51356125e+08 -6.76998232e+01 
 1.58489319e+08 -6.73328802e+01 
 1.65958691e+08 -6.69644039e+01 
 1.73780083e+08 -6.65953713e+01 
 1.81970086e+08 -6.62267491e+01 
 1.90546072e+08 -6.58594852e+01 
 1.99526231e+08 -6.54945016e+01 
 2.08929613e+08 -6.51326874e+01 
 2.18776162e+08 -6.47748927e+01 
 2.29086765e+08 -6.44219241e+01 
 2.39883292e+08 -6.40745401e+01 
 2.51188643e+08 -6.37334474e+01 
 2.63026799e+08 -6.33992986e+01 
 2.75422870e+08 -6.30726896e+01 
 2.88403150e+08 -6.27541579e+01 
 3.01995172e+08 -6.24441814e+01 
 3.16227766e+08 -6.21431775e+01 
 3.31131121e+08 -6.18515025e+01 
 3.46736850e+08 -6.15694511e+01 
 3.63078055e+08 -6.12972565e+01 
 3.80189396e+08 -6.10350909e+01 
 3.98107171e+08 -6.07830654e+01 
 4.16869383e+08 -6.05412315e+01 
 4.36515832e+08 -6.03095819e+01 
 4.57088190e+08 -6.00880524e+01 
 4.78630092e+08 -5.98765235e+01 
 5.01187234e+08 -5.96748229e+01 
 5.24807460e+08 -5.94827282e+01 
 5.49540874e+08 -5.92999698e+01 
 5.75439937e+08 -5.91262348e+01 
 6.02559586e+08 -5.89611700e+01 
 6.30957344e+08 -5.88043864e+01 
 6.60693448e+08 -5.86554630e+01 
 6.91830971e+08 -5.85139511e+01 
 7.24435960e+08 -5.83793789e+01 
 7.58577575e+08 -5.82512560e+01 
 7.94328235e+08 -5.81290775e+01 
 8.31763771e+08 -5.80123290e+01 
 8.70963590e+08 -5.79004914e+01 
 9.12010839e+08 -5.77930450e+01 
 9.54992586e+08 -5.76894747e+01 
 1.00000000e+09 -5.75892746e+01 
